PKANCODE,COMMUNE_NL,STREET_NL,HUISNR,LAT,LON
9881,Aalter,Museumstraat,38,51.0921280107,3.49188424302
9881,Aalter,Bellemdorpweg,85,51.0933086762,3.48207901899
9881,Aalter,Ter Goedingen,16,51.0932103666,3.49709295903
9881,Aalter,Bellemdorpweg,67,51.0926815811,3.48374466577
9881,Aalter,Ommegangstraat,57,51.0891566499,3.48429821363
9881,Aalter,Museumstraat,27A,51.0924246864,3.49156092328
9881,Aalter,Nieuwstraat,56,51.092469633,3.49301312884
9881,Aalter,Bellemdorpweg,49,51.0922494396,3.48516962372
9881,Aalter,De Conincksgoed,8,51.0958478718,3.49431140173
9881,Aalter,Moerstraat,4,51.0924575788,3.48768665304
9881,Aalter,Schoolstraat,15,51.0887157438,3.48657123239
9881,Aalter,Weitingstraat,6,51.0780061533,3.50381181171
9881,Aalter,Ter Goedingen,34,51.0930062135,3.49859065231
9881,Aalter,A.L. Huxleystraat,8,51.088592996,3.48853961772
9881,Aalter,Ommegangstraat,22,51.0877245815,3.48662146105
9881,Aalter,Bellemdorpweg,32,51.089104879,3.49056944994
9881,Aalter,Lakemeers,7,51.094217077,3.49906449308
9881,Aalter,Moerstraat,21,51.094498226,3.48847535591
9881,Aalter,Leistraat,19,51.0991456449,3.4982758777
9881,Aalter,Nieuwstraat,21,51.0910694754,3.49204982137
9881,Aalter,De Conincksgoed,43,51.0941445886,3.49191740197
9881,Aalter,De Craenestraat,2,51.0887826858,3.49188540608
9881,Aalter,Parkstraat,14,51.0905635924,3.4860390771
9881,Aalter,Bellemdorpweg,68A,51.0917290399,3.48839269541
9881,Aalter,Switten,2,51.0990286148,3.4892568731
9881,Aalter,Museumstraat,102,51.0962090675,3.49837276663
9881,Aalter,Vijverstraat,24,51.0898294635,3.48758382928
9881,Aalter,Eksterstraat,28A,51.1043793588,3.50672621836
9881,Aalter,Goedingenstraat,22,51.0932906196,3.4952178439
9881,Aalter,A.L. Huxleystraat,43,51.086517859,3.48775551459
9881,Aalter,Schoolstraat,8,51.0899479744,3.4883585424
9881,Aalter,Bellemdorpweg,60,51.0905183196,3.48952316385
9881,Aalter,Gottebeekstraat,5,51.1144339892,3.5029090867
9881,Aalter,Vaart-Noord,17B,51.0962229456,3.50259251976
9881,Aalter,Bellemdorpweg,42,51.0894692507,3.49036805688
9881,Aalter,Markettestraat,6,51.0719550352,3.49793162111
9881,Aalter,A.L. Huxleystraat,25,51.088355136,3.48898572025
9881,Aalter,Museumstraat,74,51.0942132804,3.49621218004
9881,Aalter,Ommegangstraat,39,51.0880174344,3.48554884541
9881,Aalter,Museumstraat,92,51.0956013406,3.49756306413
9881,Aalter,Pauwelsbos,5,51.1055041625,3.51056993414
9881,Aalter,Ommegangstraat,1B,51.0854739419,3.4887351566
9881,Aalter,Parkstraat,7,51.0906166119,3.48505185805
9881,Aalter,Moerstraat,38,51.0951114604,3.49163489614
9881,Aalter,Stekelbeekstraat,23,51.0973558761,3.50221220926
9881,Aalter,Eksterstraat,6,51.1048588719,3.50145239156
9881,Aalter,De Conincksgoed,25,51.0946550196,3.49277822183
9881,Aalter,Vossestaart,12,51.0928687934,3.49073078141
9881,Aalter,Leistraat,20,51.0986781165,3.49858210537
9881,Aalter,Nieuwstraat,4,51.089947492,3.49058575426
9881,Aalter,Ommegangstraat,5,51.0857124899,3.48817659683
9881,Aalter,Bellemdorpweg,75,51.0929670674,3.48299938618
9881,Aalter,Schoolstraat,10B,51.0897671193,3.4880109437
9881,Aalter,Leistraat,40,51.0996999048,3.4993697605
9881,Aalter,Nieuwstraat,11,51.090826866,3.49155604525
9881,Aalter,Bellemdorpweg,7,51.0887186622,3.49007040519
9881,Aalter,Museumstraat,4,51.090938437,3.4896854223
9881,Aalter,Moerstraat,46,51.0955897432,3.49250004453
9881,Aalter,Bellemdorpweg,57,51.0924004447,3.48455523325
9881,Aalter,Museumstraat,28,51.0916047262,3.49156858562
9881,Aalter,Lotenhullestraat,32,51.0868867182,3.48969872676
9881,Aalter,Vaart-Noord,14,51.0970844844,3.50021883221
9881,Aalter,Ommegangstraat,49,51.0885476067,3.48490908038
9881,Aalter,Ter Goedingen,24,51.0933155394,3.49810311196
9881,Aalter,Markettestraat,13,51.0684268683,3.49182164957
9881,Aalter,Stuivenberg,16,51.0907019108,3.48339555435
9881,Aalter,Ommegangstraat,57A,51.0893261052,3.48411886953
9881,Aalter,Schoolstraat,1,51.0896062887,3.48852769531
9881,Aalter,Bellemdorpweg,22,51.088808107,3.49074659069
9881,Aalter,Stuivenberg,18B,51.0909510656,3.4826367176
9881,Aalter,Leistraat,5,51.0978667079,3.49792077092
9881,Aalter,Zwagershullestraat,4,51.1060281543,3.4996481127
9881,Aalter,Ommegangstraat,32,51.0887468693,3.48552879826
9881,Aalter,De Conincksgoed,47,51.0938332607,3.49127327799
9881,Aalter,Zwagershullestraat,28,51.1064305526,3.49558448407
9881,Aalter,Stekelbeekstraat,6,51.1041213201,3.50932123248
9881,Aalter,Vijverstraat,16,51.0898675043,3.48657535608
9881,Aalter,Nieuwstraat,46,51.0913976746,3.4936597035
9881,Aalter,Lotenhullestraat,42,51.0863251157,3.48950160205
9881,Aalter,Vijverstraat,34,51.0905730005,3.48806800451
9881,Aalter,Goedingenstraat,14,51.0932245312,3.49593240852
9881,Aalter,Leistraat,29,51.1038891166,3.50006166021
9881,Aalter,Museumstraat,99,51.0960298399,3.49692651205
9881,Aalter,Lotenhullestraat,60,51.085440725,3.48903037223
9881,Aalter,De Craenestraat,16,51.0892282739,3.49268153772
9881,Aalter,Moerstraat,48,51.0956813957,3.49279740906
9881,Aalter,Museumstraat,11,51.091858298,3.49038159534
9881,Aalter,Spildoorn,2,51.0919245462,3.50649329429
9881,Aalter,Goedingenstraat,32,51.0924948827,3.49483043014
9881,Aalter,Vaart-Noord,7,51.0974591906,3.49879465177
9881,Aalter,Vossestaart,5,51.0923354832,3.48963662296
9881,Aalter,De Conincksgoed,61,51.0929047805,3.48970843746
9881,Aalter,Ter Goedingen,59,51.0924458009,3.49700584901
9881,Aalter,Ommegangstraat,14,51.0871925815,3.48727050733
9881,Aalter,Stuivenberg,9,51.0913064716,3.48524509851
9881,Aalter,Bellemdorpweg,50,51.089929651,3.49008506505
9881,Aalter,Bellemdorpweg,39,51.0914096094,3.48782186653
9881,Aalter,Vijverstraat,9,51.0899928443,3.48592993974
9881,Aalter,Museumstraat,46,51.0926199807,3.49275265126
9881,Aalter,Moerstraat,28,51.0945372245,3.49023437513
9881,Aalter,A.L. Huxleystraat,15,51.0888653966,3.48916911023
9881,Aalter,Leistraat,12,51.0984409206,3.498489292
9881,Aalter,De Conincksgoed,15,51.0954324794,3.49444607712
9881,Aalter,Spildoorn,1A,51.0899491478,3.50421213946
9881,Aalter,A.L. Huxleystraat,33,51.0877170148,3.48866571437
9881,Aalter,Museumstraat,64,51.0937450634,3.4945175771
9881,Aalter,Stekelbeekstraat,13,51.1012997,3.50905767204
9881,Aalter,Waggebrug,2,51.0776394323,3.49066568251
9881,Aalter,Museumstraat,82,51.0948234728,3.49647832052
9881,Aalter,Zuttershoek,4,51.1049697743,3.51283963224
9881,Aalter,A.L. Huxleystraat,1,51.0894168737,3.48857493668
9881,Aalter,Leistraat,30,51.0990910922,3.49888723299
9881,Aalter,Kerselaarstraat,3,51.1056743627,3.48447554548
9881,Aalter,Museumstraat,51,51.0935875273,3.49348127876
9881,Aalter,Stekelbeekstraat,1,51.1044574108,3.51077618532
9881,Aalter,De Conincksgoed,58,51.0923375223,3.4882824651
9881,Aalter,Schoolstraat,17,51.0886209949,3.48637889486
9881,Aalter,Switten,4,51.0988902286,3.4875886455
9881,Aalter,Ter Goedingen,36,51.0929060709,3.49834684043
9881,Aalter,Museumstraat,100,51.0962294733,3.49818993857
9881,Aalter,A.L. Huxleystraat,10,51.0884230713,3.48841592034
9881,Aalter,Museumstraat,42A,51.0922798959,3.49215761621
9881,Aalter,Goedingenstraat,19,51.0925643403,3.49579783319
9881,Aalter,De Conincksgoed,23,51.0947898873,3.49303608514
9881,Aalter,Eksterstraat,8,51.1048612837,3.50175619806
9881,Aalter,Moerstraat,2,51.092332343,3.48744419606
9881,Aalter,De Craenestraat,4,51.0888324216,3.49194913469
9881,Aalter,Stekelbeekstraat,1A,51.1040777895,3.51014575682
9881,Aalter,Moerstraat,58,51.0963794669,3.49401494457
9881,Aalter,Markettestraat,8,51.0709526393,3.49516322327
9881,Aalter,Vijverstraat,26,51.0900320771,3.48729381582
9881,Aalter,Ommegangstraat,20,51.0875685472,3.48682894115
9881,Aalter,Schoolstraat,6,51.0899672204,3.48843197795
9881,Aalter,Bellemdorpweg,83,51.0932603052,3.48229335017
9881,Aalter,Bellemdorpweg,65,51.0926467493,3.4840506675
9881,Aalter,Ter Goedingen,18,51.0931161959,3.49731726276
9881,Aalter,Bellemdorpweg,30,51.0890499347,3.49060316828
9881,Aalter,Ommegangstraat,55,51.0888693187,3.48439042933
9881,Aalter,Vijverstraat,34A,51.0904183326,3.48865173832
9881,Aalter,Stekelbeekstraat,38,51.0969748108,3.50234632576
9881,Aalter,Gottebeekstraat,3,51.1149133353,3.50402975964
9881,Aalter,Bellemdorpweg,40,51.0897244603,3.49073025426
9881,Aalter,Parkstraat,12,51.0904553184,3.48579331663
9881,Aalter,Nieuwstraat,2,51.0899202425,3.49051175437
9881,Aalter,Museumstraat,58,51.0933469029,3.49394501366
9881,Aalter,De Conincksgoed,42A,51.09349447,3.48980256834
9881,Aalter,Lotenhullestraat,3,51.0849754796,3.48961587642
9881,Aalter,Goedingenstraat,20,51.0930555346,3.49544706579
9881,Aalter,A.L. Huxleystraat,6,51.0887402708,3.48865175195
9881,Aalter,Museumstraat,94,51.0957029337,3.49779615446
9881,Aalter,Museumstraat,107,51.0963677784,3.49781875545
9881,Aalter,Lakemeers,5,51.0941176265,3.49932915246
9881,Aalter,Vossestaart,10,51.0927463138,3.49089410213
9881,Aalter,Leistraat,22,51.0987099938,3.49867488311
9881,Aalter,Vijverstraat,24A,51.0899666592,3.4875619757
9881,Aalter,Ommegangstraat,3,51.0856384428,3.48851739923
9881,Aalter,Vaart-Zuid,19,51.0972165125,3.49535541121
9881,Aalter,Weitingstraat,8,51.0762223244,3.50090472864
9881,Aalter,Ommegangstraat,37,51.0879059469,3.4856905451
9881,Aalter,Pauwelsbos,3,51.1049440194,3.51020939104
9881,Aalter,Ommegangstraat,19,51.0868350799,3.48680265542
9881,Aalter,Parkstraat,9,51.090657724,3.48533200231
9881,Aalter,Stekelbeekstraat,21,51.097075478,3.50172015718
9881,Aalter,Ter Goedingen,26,51.0935684587,3.49830439833
9881,Aalter,Markettestraat,11,51.0700635165,3.49405134878
9881,Aalter,Museumstraat,41,51.0929968125,3.49257029824
9881,Aalter,Zwagershullestraat,2,51.1054902673,3.49993411721
9881,Aalter,Leistraat,42,51.100102007,3.49937056945
9881,Aalter,Bellemdorpweg,9,51.0892294327,3.4899965818
9881,Aalter,Leistraat,14,51.0985194839,3.49851310063
9881,Aalter,De Conincksgoed,13,51.0955275637,3.49469769743
9881,Aalter,Gottebeekstraat,12,51.1089547584,3.47855315506
9881,Aalter,Ommegangstraat,59A,51.0896984734,3.48373856171
9881,Aalter,Parkstraat,19,51.0910738024,3.4869124762
9881,Aalter,Lotenhullestraat,30,51.0873720603,3.48934904667
9881,Aalter,Ommegangstraat,12,51.0870531766,3.48735763114
9881,Aalter,Stuivenberg,18,51.0906508951,3.4832218006
9881,Aalter,Nieuwstraat,31,51.0914839791,3.49272766743
9881,Aalter,Bellemdorpweg,20,51.0887507411,3.49078106774
9881,Aalter,Stekelbeekstraat,28,51.0994433308,3.5040906718
9881,Aalter,Bellemdorpweg,73,51.0928325788,3.4831422561
9881,Aalter,Vaart-Zuid,12,51.0966168152,3.49705576744
9881,Aalter,Leistraat,3,51.0977998176,3.49789517593
9881,Aalter,Ommegangstraat,30,51.0884300529,3.48576529857
9881,Aalter,Vossestaart,7,51.0925458092,3.48989847181
9881,Aalter,Ommegangstraat,65,51.0901594282,3.48331589002
9881,Aalter,Goedingenstraat,12,51.0934009288,3.49587501505
9881,Aalter,Eksterstraat,1,51.105341387,3.50057943147
9881,Aalter,Stuivenberg,7,51.0915620446,3.48577386131
9881,Aalter,Zuttershoek,2,51.1052336002,3.51252809643
9881,Aalter,Ommegangstraat,40,51.0895264249,3.48472315846
9881,Aalter,Markettestraat,28,51.0687402844,3.49129543529
9881,Aalter,De Craenestraat,14,51.0890913305,3.49134620604
9881,Aalter,Museumstraat,31,51.0925825252,3.49186116533
9881,Aalter,Goedingenstraat,30,51.092637944,3.49513923892
9881,Aalter,Vaart-Noord,9,51.09741025,3.49925297928
9881,Aalter,Museumstraat,66,51.0938605573,3.49469685935
9881,Aalter,Waggebrug,4,51.0769415495,3.49339525324
9881,Aalter,Stekelbeekstraat,8,51.1023587394,3.50941557745
9881,Aalter,Vaart-Noord,12,51.0972468571,3.49967260108
9881,Aalter,Moerstraat,41,51.0962382994,3.49287121228
9881,Aalter,Museumstraat,84,51.0951071397,3.49661893065
9881,Aalter,Ter Goedingen,44,51.0926603642,3.49750290451
9881,Aalter,Bellemdorpweg,78A,51.0923495144,3.4861094517
9881,Aalter,Lakemeers,14,51.0943205473,3.49972366875
9881,Aalter,Leistraat,32,51.0991790585,3.49886960729
9881,Aalter,Eksterstraat,28,51.1044111885,3.50596444105
9881,Aalter,Bellemdorpweg,37,51.0913076596,3.48815781177
9881,Aalter,Schoolstraat,10,51.0898695483,3.48817274069
9881,Aalter,Markettestraat,1,51.0709180609,3.49632117642
9881,Aalter,Stekelbeekstraat,46,51.0975468091,3.50309381529
9881,Aalter,A.L. Huxleystraat,17,51.0887782692,3.48926295685
9881,Aalter,Spildoorn,4,51.093347577,3.5061250385
9881,Aalter,De Conincksgoed,3,51.0960043125,3.49533435379
9881,Aalter,Goedingenstraat,9,51.0938878912,3.49677541579
9881,Aalter,A.L. Huxleystraat,35,51.0871422218,3.48843587523
9881,Aalter,Ommegangstraat,29,51.0874404744,3.48615936126
9881,Aalter,Bellemdorpweg,19,51.089705189,3.48953059054
9881,Aalter,Stekelbeekstraat,11,51.1012216647,3.50941461804
9881,Aalter,A.L. Huxleystraat,21,51.0884920185,3.48936796729
9881,Aalter,Museumstraat,80,51.0947041463,3.49607211912
9881,Aalter,Ter Goedingen,40,51.0926076275,3.49794555458
9881,Aalter,Stuivenberg,7B,51.0914435078,3.48558624503
9881,Aalter,De Conincksgoed,30,51.0944543138,3.49146305967
9881,Aalter,Lakemeers,20,51.0946259264,3.49906588769
9881,Aalter,Parkstraat,3,51.0903172106,3.48457689571
9881,Aalter,Vaart-Noord,17,51.0965946167,3.50094730308
9881,Aalter,Stekelbeekstraat,36,51.0966932992,3.50186172117
9881,Aalter,De Conincksgoed,12,51.0955821801,3.49381899453
9881,Aalter,Moerstraat,52,51.0959863029,3.49324368006
9881,Aalter,Vaart-Zuid,9,51.0963462092,3.49761243856
9881,Aalter,Leistraat,33,51.1051180472,3.50006040088
9881,Aalter,Parkstraat,18,51.0907009606,3.48662930308
9881,Aalter,Bellemdorpweg,74A,51.0919844866,3.48740078565
9881,Aalter,Vaart-Noord,2,51.0975164129,3.49844781133
9881,Aalter,Bellemstation,2,51.0835602964,3.48666926415
9881,Aalter,Vijverstraat,4,51.089284584,3.48539203919
9881,Aalter,Switten,6,51.0988879781,3.4866135735
9881,Aalter,Vijverstraat,28,51.0901880244,3.48720694561
9881,Aalter,Zwagershullestraat,1,51.1051591989,3.49978905314
9881,Aalter,Museumstraat,34,51.0920194435,3.49164574668
9881,Aalter,Goedingenstraat,26,51.0929955264,3.49465134888
9881,Aalter,Lotenhullestraat,9,51.0781384514,3.48694368364
9881,Aalter,Ter Goedingen,5,51.0944886775,3.4972408811
9881,Aalter,Mariahovelaan,8,51.0858540073,3.49827032494
9881,Aalter,Stuivenberg,4,51.0916204512,3.48483405388
9881,Aalter,Bellemdorpweg,72,51.0918905784,3.48776613337
9881,Aalter,De Conincksgoed,65,51.0925720759,3.48924932262
9881,Aalter,Weitingstraat,26,51.0711276965,3.49594457814
9881,Aalter,Nieuwstraat,52,51.0922377338,3.49342887102
9881,Aalter,Kerselaarstraat,1,51.1064423972,3.48342949442
9881,Aalter,Stekelbeekstraat,3,51.1036510014,3.51019899473
9881,Aalter,Wallebilk,5,51.0948207744,3.49358854673
9881,Aalter,Bellemdorpweg,54,51.0901791512,3.48982529915
9881,Aalter,Ter Goedingen,29,51.093175668,3.49956691985
9881,Aalter,Museumstraat,16,51.0912986374,3.49031216278
9881,Aalter,Ommegangstraat,35,51.0877862259,3.4858011404
9881,Aalter,Lotenhullestraat,44,51.0863966578,3.48907763109
9881,Aalter,Lakemeers,19,51.0948157739,3.49749260729
9881,Aalter,A.L. Huxleystraat,4,51.0888408332,3.48855137106
9881,Aalter,Museumstraat,69,51.0944853557,3.49487119896
9881,Aalter,Pauwelsbos,1,51.1046925968,3.50977836346
9881,Aalter,Moerstraat,34,51.0948305267,3.49112523848
9881,Aalter,Markettestraat,18,51.070431782,3.49391334315
9881,Aalter,Bellemdorpweg,36,51.0892939362,3.49048611048
9881,Aalter,De Conincksgoed,29,51.0944439243,3.4922424147
9881,Aalter,Ommegangstraat,17,51.0867224074,3.48699047334
9881,Aalter,Museumstraat,87,51.0953162388,3.49629125769
9881,Aalter,Vijverstraat,11,51.0901371316,3.48612306056
9881,Aalter,Nieuwstraat,34,51.0910696579,3.49286118233
9881,Aalter,Moerstraat,16,51.0934687667,3.48888672149
9881,Aalter,Museumstraat,105,51.0963046543,3.49752398649
9881,Aalter,Ommegangstraat,1,51.0855084978,3.48877618352
9881,Aalter,De Conincksgoed,40,51.0937398188,3.49012001163
9881,Aalter,Schoolstraat,20,51.0889724268,3.48607094633
9881,Aalter,Gottebeekstraat,1,51.1151949157,3.50475878477
9881,Aalter,Museumstraat,9,51.0916947561,3.4902334958
9881,Aalter,Eksterstraat,18,51.1039925864,3.50412638597
9881,Aalter,Bellemdorpweg,18,51.0887267059,3.49099405585
9881,Aalter,Gottebeekstraat,6A,51.1142283062,3.50243031966
9881,Aalter,Museumstraat,52,51.0928951427,3.4932849571
9881,Aalter,Ter Goedingen,30,51.0933022525,3.49898313973
9881,Aalter,Museumstraat,70,51.0941646942,3.49512500977
9881,Aalter,Stekelbeekstraat,26,51.0995000104,3.50516511662
9881,Aalter,Weitingstraat,18,51.0731521364,3.49695403965
9881,Aalter,Lakemeers,30,51.0952077428,3.49787418108
9881,Aalter,Mariahovelaan,4A,51.0864019415,3.49516044481
9881,Aalter,Leistraat,1,51.0977629854,3.49769142109
9881,Aalter,De Conincksgoed,20,51.0950562363,3.49276856929
9881,Aalter,A.L. Huxleystraat,11,51.0890312497,3.48899998724
9881,Aalter,Nieuwstraat,9,51.0906959971,3.49129242325
9881,Aalter,Gottebeekstraat,10,51.1097383444,3.48038796479
9881,Aalter,Cromekestraat,1,51.0702365563,3.50394850666
9881,Aalter,Goedingenstraat,18,51.0928538161,3.49559343841
9881,Aalter,Leistraat,25,51.100056171,3.49676439297
9881,Aalter,Lakemeers,12,51.0942214271,3.49997233262
9881,Aalter,Pauwelsbos,8,51.1048592161,3.51111978671
9881,Aalter,Bellemdorpweg,62,51.0907401228,3.48944319915
9881,Aalter,Bellemdorpweg,44,51.0896314012,3.49019643617
9881,Aalter,Gottebeekstraat,8,51.1135492224,3.50068885894
9881,Aalter,Vossestaart,9,51.0927109391,3.49011492049
9881,Aalter,Museumstraat,24,51.091581239,3.49091253288
9881,Aalter,Ommegangstraat,63,51.090004724,3.48342430377
9881,Aalter,Spenningstraat,1A,51.0930081259,3.52263642268
9881,Aalter,Ter Goedingen,19,51.0937364547,3.49885073075
9881,Aalter,Ommegangstraat,45,51.0883402684,3.4851796293
9881,Aalter,Ommegangstraat,10,51.0869166608,3.48743442325
9881,Aalter,Pauwelsbos,10,51.1051802261,3.51180042633
9881,Aalter,Schoolstraat,5,51.0892751155,3.48787703535
9881,Aalter,Lotenhullestraat,72,51.0839595666,3.48838455716
9881,Aalter,Bellemdorpweg,26,51.0889794768,3.49083529935
9881,Aalter,Eksterstraat,26,51.104090098,3.505818297
9881,Aalter,Zwagershullestraat,8,51.10553294,3.4993688785
9881,Aalter,Lotenhullestraat,90,51.0798532375,3.48679278478
9881,Aalter,Museumstraat,59,51.0938465417,3.49394580816
9881,Aalter,Moerstraat,24,51.0942300247,3.48991637444
9881,Aalter,Museumstraat,77,51.0948903409,3.49537056522
9881,Aalter,De Conincksgoed,19,51.0951854132,3.49384682796
9881,Aalter,Ommegangstraat,27,51.0873494106,3.48631551697
9881,Aalter,Waggebrug,6,51.0770603131,3.49314258934
9881,Aalter,Vijverstraat,21,51.0908243384,3.48771783222
9881,Aalter,Lotenhullestraat,54,51.086003478,3.48909230071
9881,Aalter,Museumstraat,95,51.0956122052,3.49672158259
9881,Aalter,Bellemdorpweg,79,51.093101503,3.48264595762
9881,Aalter,Schoolstraat,12,51.0896688394,3.48782694443
9881,Aalter,Stekelbeekstraat,44,51.0972603697,3.50273349622
9881,Aalter,Spildoorn,6,51.0911438879,3.50262472189
9881,Aalter,Stuivenberg,21,51.090451078,3.48377543032
9881,Aalter,Lotenhullestraat,36,51.0866420008,3.48964722977
9881,Aalter,Vaart-Noord,10,51.0971436257,3.49925322285
9881,Aalter,Ter Goedingen,20,51.0930534164,3.49760493369
9881,Aalter,Bellemdorpweg,3,51.0883287955,3.4903126705
9881,Aalter,Mariahovelaan,1,51.0839765938,3.50685794512
9881,Aalter,Eksterstraat,3,51.1048722928,3.5057853063
9881,Aalter,Markettestraat,26,51.0693121406,3.49236379828
9881,Aalter,Leistraat,17,51.0989723307,3.49765477197
9881,Aalter,Moerstraat,54,51.0961234743,3.49346082214
9881,Aalter,Spenningstraat,2,51.096146201,3.52256925621
9881,Aalter,Stekelbeekstraat,16,51.1013095022,3.50764015233
9881,Aalter,Museumstraat,18,51.091284021,3.49063104627
9881,Aalter,A.L. Huxleystraat,23,51.0884282235,3.4892755304
9881,Aalter,Eksterstraat,22A,51.104298291,3.50525273888
9881,Aalter,Vaart-Noord,15,51.0967210218,3.50059476253
9881,Aalter,Parkstraat,5,51.0904269466,3.4848374704
9881,Aalter,Schoolstraat,10A,51.0898146886,3.48809726351
9881,Aalter,Bellemdorpweg,69,51.0927386016,3.48353260191
9881,Aalter,Stekelbeekstraat,34,51.096435194,3.50150431725
9881,Aalter,Stuivenberg,2,51.0918185457,3.4854418434
9881,Aalter,Nieuwstraat,54,51.0923602566,3.4932224477
9881,Aalter,De Conincksgoed,45,51.0939914731,3.49151484912
9881,Aalter,Parkstraat,16,51.090682197,3.48628393017
9881,Aalter,Stekelbeekstraat,5,51.1034189773,3.51051923071
9881,Aalter,Bellemdorpweg,52,51.0900958634,3.48987953542
9881,Aalter,Leistraat,6,51.098129978,3.49840413314
9881,Aalter,Lotenhullestraat,70,51.0841370473,3.4884727049
9881,Aalter,Museumstraat,36,51.0920596605,3.49175919154
9881,Aalter,Goedingenstraat,24,51.0931287828,3.49489853209
9881,Aalter,Lotenhullestraat,7,51.0783809824,3.48720754594
9881,Aalter,Ter Goedingen,3,51.0943906133,3.49688938808
9881,Aalter,Stuivenberg,18A,51.090955924,3.48296051444
9881,Aalter,Nieuwstraat,18,51.0904540678,3.49171248585
9881,Aalter,Bellemdorpweg,16,51.0887792307,3.49109427216
9881,Aalter,Ter Goedingen,67,51.0926297638,3.49643941593
9881,Aalter,Wallebilk,7,51.0949340764,3.49336301272
9881,Aalter,Eksterstraat,16,51.1039635465,3.50418717771
9881,Aalter,Spildoorn,1,51.0898924421,3.50504922373
9881,Aalter,Ommegangstraat,33,51.0876735239,3.48592473434
9881,Aalter,Moerstraat,36,51.095010323,3.49138011425
9881,Aalter,Ommegangstraat,61,51.0898674871,3.48359633472
9881,Aalter,Bellemdorpweg,34,51.0892017395,3.49055121721
9881,Aalter,Ter Goedingen,49,51.0923025617,3.4975606705
9881,Aalter,Oude Gentweg,41,51.0790840871,3.48567402629
9881,Aalter,Ommegangstraat,15,51.086554138,3.48706443866
9881,Aalter,Bellemdorpweg,80,51.0924338591,3.48588431482
9881,Aalter,Mariahovelaan,6,51.0860798941,3.49656378307
9881,Aalter,Markettestraat,34,51.0664231429,3.48740130646
9881,Aalter,Moerstraat,18,51.0936394881,3.48910534984
9881,Aalter,Waggebrug,1,51.0780662375,3.49560456618
9881,Aalter,Museumstraat,54,51.0930490849,3.49348464109
9881,Aalter,Ter Goedingen,32,51.0931486555,3.49879242365
9881,Aalter,Zwagershullestraat,10,51.10601079,3.49937756119
9881,Aalter,A.L. Huxleystraat,2,51.0890268527,3.48833818839
9881,Aalter,Weitingstraat,10C,51.07395081,3.49784869081
9881,Aalter,Museumstraat,90,51.095469615,3.49735194978
9881,Aalter,Markettestraat,16,51.0706303914,3.49436607441
9881,Aalter,A.L. Huxleystraat,37A,51.0869288442,3.48822336337
9881,Aalter,Schoolstraat,22,51.0888612933,3.48585151202
9881,Aalter,De Conincksgoed,27,51.0945461014,3.4924921794
9881,Aalter,Lakemeers,1,51.0938682686,3.49980630037
9881,Aalter,Stuivenberg,13,51.0910161123,3.48465704557
9881,Aalter,Leistraat,27,51.1033601137,3.4997106712
9881,Aalter,Lakemeers,10,51.0941468056,3.50025194669
9881,Aalter,Moerstraat,62,51.0969397552,3.49476411278
9881,Aalter,Schoolstraat,14,51.0892256565,3.48668351964
9881,Aalter,Bellemdorpweg,77,51.093013948,3.48287373398
9881,Aalter,Stekelbeekstraat,24,51.0994347943,3.50547870237
9881,Aalter,A.L. Huxleystraat,13,51.0889374573,3.48909210419
9881,Aalter,Ter Goedingen,50,51.0928515891,3.49686053493
9881,Aalter,Moerstraat,44,51.0954572913,3.49227710896
9881,Aalter,Nieuwstraat,7,51.0905649455,3.49108890128
9881,Aalter,A.L. Huxleystraat,31,51.0879150254,3.48850540943
9881,Aalter,Bellemdorpweg,59,51.0923828563,3.48363611597
9881,Aalter,Ommegangstraat,43,51.0882396581,3.48533325816
9881,Aalter,Ter Goedingen,39,51.0925289045,3.49861908488
9881,Aalter,Goedingenstraat,16,51.0930135108,3.49591507469
9881,Aalter,Schoolstraat,3,51.0895487094,3.48838889241
9881,Aalter,Switten,1,51.0991464848,3.48947652203
9881,Aalter,A.L. Huxleystraat,41,51.0867053425,3.48788301328
9881,Aalter,Zwagershullestraat,6,51.1054766671,3.49956426033
9881,Aalter,Weitingstraat,16,51.073414163,3.49720714589
9881,Aalter,Museumstraat,79,51.0949581749,3.49556002258
9881,Aalter,Goedingenstraat,34,51.0923917905,3.49460210087
9881,Aalter,Lotenhullestraat,80,51.0807647488,3.48688592694
9881,Aalter,Waggebrug,8,51.0768968349,3.49274850752
9881,Aalter,Museumstraat,26,51.0914641008,3.49139521521
9881,Aalter,Nieuwstraat,44,51.091291341,3.4934067477
9881,Aalter,Vijverstraat,23,51.0908835358,3.48803717987
9881,Aalter,Kloosterstraat,2,51.1061871603,3.49992674308
9881,Aalter,Museumstraat,97,51.0957301113,3.49698448947
9881,Aalter,A.L. Huxleystraat,26A,51.0875649065,3.48803840115
9881,Aalter,Markettestraat,5,51.070868204,3.49605856894
9881,Aalter,Eksterstraat,24,51.1044104166,3.50556379846
9881,Aalter,Moerstraat,26,51.094346864,3.49014258858
9881,Aalter,Gottebeekstraat,6,51.114356118,3.5026853071
9881,Aalter,Bellemdorpweg,70,51.0918064098,3.48808761553
9881,Aalter,Ommegangstraat,25,51.0871640173,3.48631144787
9881,Aalter,Ter Goedingen,22,51.0931798794,3.49794347024
9881,Aalter,Markettestraat,24,51.0695333692,3.49272634357
9881,Aalter,Pauwelsbos,6,51.1046869685,3.51145235284
9881,Aalter,Ommegangstraat,6,51.0862593897,3.4880174383
9881,Aalter,Museumstraat,44,51.0924106222,3.49236600817
9881,Aalter,Museumstraat,62,51.093631353,3.49431213858
9881,Aalter,Stuivenberg,23,51.090370864,3.4827894485
9881,Aalter,Leistraat,10,51.098339278,3.49849303854
9881,Aalter,De Conincksgoed,17,51.0953378596,3.49414805269
9881,Aalter,Bellemdorpweg,5,51.0883764976,3.49019972643
9881,Aalter,Lotenhullestraat,34,51.0867930054,3.48963268916
9881,Aalter,Museumstraat,29,51.0925101234,3.49171106465
9881,Aalter,Schoolstraat,12A,51.0893203544,3.48688114261
9881,Aalter,Bellemdorpweg,76,51.0920603055,3.48714112565
9881,Aalter,Nieuwstraat,12,51.0903080442,3.49149011688
9881,Aalter,Markettestraat,32,51.0670890916,3.48914777636
9881,Aalter,Goedingenstraat,6,51.0938849412,3.49550125009
9881,Aalter,Museumstraat,40,51.0921846005,3.49198724642
9881,Aalter,Museumstraat,5,51.0914325433,3.48975193857
9881,Aalter,Bellemdorpweg,58,51.0904470209,3.48954562949
9881,Aalter,Wallebilk,1,51.094478105,3.49380780456
9881,Aalter,Stekelbeekstraat,14,51.1015638663,3.5076968647
9881,Aalter,Ter Goedingen,25,51.0934319128,3.49997599918
9881,Aalter,Ommegangstraat,31,51.0875550565,3.48604672362
9881,Aalter,Bellemdorpweg,23,51.0903326705,3.48903847041
9881,Aalter,Moerstraat,30,51.0946783973,3.4905052458
9881,Aalter,Eksterstraat,32,51.104117102,3.50865579008
9881,Aalter,Ommegangstraat,13,51.0865108585,3.48711920655
9881,Aalter,Leistraat,28,51.098947344,3.49876426862
9881,Aalter,De Conincksgoed,52,51.0928085877,3.4888995633
9881,Aalter,Nieuwstraat,30,51.0908098156,3.49241897009
9881,Aalter,Vaart-Zuid,13,51.096618108,3.49658591309
9881,Aalter,Zwagershullestraat,5,51.1050717347,3.49540480288
9881,Aalter,Leistraat,4,51.0980070416,3.49834845684
9881,Aalter,Museumstraat,30,51.0919242528,3.49150164253
9881,Aalter,Goedingenstraat,31,51.0918323493,3.49448907494
9881,Aalter,Stuivenberg,8,51.091393433,3.48431360605
9881,Aalter,Kloosterstraat,1,51.1052680779,3.50104999492
9881,Aalter,Mariahovelaan,4,51.0863514776,3.49532595547
9881,Aalter,Goedingenstraat,13,51.0931798942,3.49649711023
9881,Aalter,Weitingstraat,22,51.072752631,3.49653897641
9881,Aalter,Ommegangstraat,41,51.0881229847,3.48545464561
9881,Aalter,Waggebrug,3,51.0777787018,3.49630219013
9881,Aalter,Stekelbeekstraat,7,51.1031970457,3.51086769203
9881,Aalter,Vossestaart,4,51.0921979176,3.49015196117
9881,Aalter,Eksterstraat,14,51.1043748585,3.50310211554
9881,Aalter,Lotenhullestraat,84,51.0803940927,3.4868953366
9881,Aalter,Museumstraat,12,51.0909786344,3.49037541069
9881,Aalter,Bellemdorpweg,51,51.0923167051,3.48493281723
9881,Aalter,Zwagershullestraat,12,51.1059929249,3.49916113687
9881,Aalter,Zwagershullestraat,30,51.1063949788,3.495417653
9881,Aalter,Weitingstraat,10A,51.0743536279,3.49826257263
9881,Aalter,De Conincksgoed,34,51.0941521158,3.49093482272
9881,Aalter,Vaart-Noord,13,51.0969595079,3.49972719167
9881,Aalter,Markettestraat,14,51.0706624786,3.49449874104
9881,Aalter,Museumstraat,83,51.0951955715,3.49600770646
9881,Aalter,Lotenhullestraat,66,51.0844946722,3.4886686484
9881,Aalter,Ter Goedingen,43,51.0922470334,3.4982097838
9881,Aalter,Nieuwstraat,29,51.0914550792,3.4926491269
9881,Aalter,Leistraat,11,51.0982667547,3.49792317607
9881,Aalter,De Conincksgoed,16,51.0953337827,3.49322248402
9881,Aalter,Leistraat,46,51.1045023411,3.50075378063
9881,Aalter,Moerstraat,40,51.0952364687,3.49183584026
9881,Aalter,Vijverstraat,8,51.0894688207,3.48580607762
9881,Aalter,A.L. Huxleystraat,16,51.0883971539,3.48746092466
9881,Aalter,Bellemdorpweg,66,51.0911948222,3.48904695749
9881,Aalter,Schoolstraat,16,51.0891590776,3.48647152159
9881,Aalter,Switten,3,51.0987358888,3.48844502429
9881,Aalter,Stuivenberg,25,51.0902687472,3.48251460299
9881,Aalter,Museumstraat,37,51.0928742591,3.49233662588
9881,Aalter,Moerstraat,5,51.0926353984,3.48672516544
9881,Aalter,Spenningstraat,1,51.0916694106,3.5244416755
9881,Aalter,De Conincksgoed,59,51.0931729016,3.49011424023
9881,Aalter,Stekelbeekstraat,12A,51.1014641368,3.50844370901
9881,Aalter,Ter Goedingen,15,51.0939502647,3.49839308377
9881,Aalter,Parkstraat,6,51.0900842842,3.48507961072
9881,Aalter,Stuivenberg,1,51.091738837,3.48623845166
9881,Aalter,Markettestraat,22,51.0698296203,3.49310789235
9881,Aalter,Vijverstraat,1,51.0896880571,3.48492736538
9881,Aalter,Eksterstraat,22,51.1043568856,3.50486970585
9881,Aalter,Bellemdorpweg,31,51.090741896,3.48877669226
9881,Aalter,Markettestraat,7,51.0706916265,3.49533888543
9881,Aalter,Museumstraat,103,51.0960266786,3.49747220099
9881,Aalter,Moerstraat,20,51.093782892,3.48933748378
9881,Aalter,Weitingstraat,14,51.0734608641,3.49742017095
9881,Aalter,Leistraat,1A,51.0976363532,3.49774403196
9881,Aalter,Stekelbeekstraat,1B,51.1039551371,3.51028893593
9881,Aalter,Ommegangstraat,23,51.0871090727,3.4865853901
9881,Aalter,Bellemdorpweg,13,51.0893651603,3.48987413134
9881,Aalter,Nieuwstraat,20,51.0905433702,3.49193520529
9881,Aalter,A.L. Huxleystraat,9,51.0890893403,3.4889181047
9881,Aalter,Leistraat,38,51.099478487,3.49934417851
9881,Aalter,Bellemdorpweg,84,51.0925322337,3.48546791293
9881,Aalter,Fabriekstraat,1,51.0979625005,3.50107697642
9881,Aalter,Goedingenstraat,23,51.0923177421,3.4953337884
9881,Aalter,Gottebeekstraat,4,51.1145979492,3.50326380788
9881,Aalter,Vaart-Noord,17A,51.096367402,3.50213900556
9881,Aalter,Switten,10,51.0957449678,3.47690991237
9881,Aalter,Parkstraat,13,51.0908851692,3.48583802152
9881,Aalter,Museumstraat,20,51.091452822,3.49071281283
9881,Aalter,Lotenhullestraat,4,51.0881364091,3.49038351062
9881,Aalter,Zuttershoek,14,51.1035444919,3.51447515737
9881,Aalter,Bellemdorpweg,41,51.0915172201,3.48754590961
9881,Aalter,Schoolstraat,9,51.0889439372,3.48720211901
9881,Aalter,Ommegangstraat,51,51.0886926376,3.48470921972
9881,Aalter,Stekelbeekstraat,22,51.0998386437,3.5058905716
9881,Aalter,Ommegangstraat,4,51.0860227092,3.48841654089
9881,Aalter,Lotenhullestraat,94,51.0794972606,3.48662538598
9881,Aalter,Museumstraat,55,51.0937157779,3.49357438179
9881,Aalter,Leistraat,48,51.1051127082,3.50043431907
9881,Aalter,Zwagershullestraat,20,51.1059564135,3.49792767608
9881,Aalter,Museumstraat,73,51.094662268,3.495041201
9881,Aalter,Lotenhullestraat,76,51.0810761756,3.48719074967
9881,Aalter,Lotenhullestraat,58,51.0858130119,3.48890219699
9881,Aalter,Leistraat,21,51.0993567883,3.49815159382
9881,Aalter,Museumstraat,91,51.09562059,3.49638437204
9881,Aalter,Pauwelsbos,4,51.1045800619,3.51066984481
9881,Aalter,Nieuwstraat,37,51.0917037377,3.49332880169
9881,Aalter,Markettestraat,30,51.0678351463,3.49099566177
9881,Aalter,Museumstraat,42,51.0922568494,3.4920684016
9881,Aalter,Museumstraat,3,51.0912557259,3.48946305898
9881,Aalter,Gottebeekstraat,11,51.1095684077,3.47994122284
9881,Aalter,Stekelbeekstraat,40,51.0971637739,3.50280024158
9881,Aalter,Bellemdorpweg,56,51.0902296938,3.48977995684
9881,Aalter,Museumstraat,60,51.0934714305,3.4941543877
9881,Aalter,Ter Goedingen,27,51.0932950891,3.49976783762
9881,Aalter,Leistraat,2,51.0977759284,3.4982394003
9881,Aalter,Zwagershullestraat,14,51.1058470266,3.49895366163
9881,Aalter,Goedingenstraat,28,51.0927922044,3.49495734979
9881,Aalter,De Conincksgoed,32,51.0942824662,3.49120118529
9881,Aalter,Markettestraat,12,51.0708470647,3.49468492046
9881,Aalter,Moerstraat,49,51.0967149722,3.49362963774
9881,Aalter,De Conincksgoed,48,51.0930888493,3.48926944459
9881,Aalter,Wallebilk,3,51.0946242328,3.493644757
9881,Aalter,Eksterstraat,12,51.1045658387,3.50271619995
9881,Aalter,Museumstraat,14,51.0911991154,3.49029889998
9881,Aalter,Zwagershullestraat,3,51.1050162605,3.49934863786
9881,Aalter,Moerstraat,32,51.0947898852,3.49080979465
9881,Aalter,Parkstraat,1,51.090134703,3.4841422669
9881,Aalter,Ommegangstraat,11,51.0863041427,3.48716092444
9881,Aalter,Stuivenberg,6,51.0914981766,3.48462766776
9881,Aalter,Bellemdorpweg,74,51.0919559718,3.48750667084
9881,Aalter,Eksterstraat,30,51.1043285603,3.50862263139
9881,Aalter,Switten,4A,51.0985368875,3.48756903077
9881,Aalter,Weitingstraat,20,51.0728763791,3.49666765994
9881,Aalter,Vaart-Noord,8,51.0974324313,3.49890836164
9881,Aalter,Moerstraat,14,51.0932898545,3.48867881244
9881,Aalter,Waggebrug,5,51.0777235945,3.49835844712
9881,Aalter,Stekelbeekstraat,9,51.1013186064,3.50951834909
9881,Aalter,Vossestaart,6,51.0923922079,3.49039726812
9881,Aalter,De Conincksgoed,60,51.0921952812,3.48845943785
9881,Aalter,Museumstraat,49,51.0936171492,3.49308772546
9881,Aalter,Lotenhullestraat,82,51.0805757009,3.48693415811
9881,Aalter,De Conincksgoed,42,51.0935444308,3.4897032731
9881,Aalter,A.L. Huxleystraat,18,51.0881232645,3.48737929876
9881,Aalter,Museumstraat,32,51.0919762088,3.49158588913
9881,Aalter,Lotenhullestraat,46,51.0862275639,3.48949943835
9881,Aalter,Museumstraat,67,51.0944329517,3.49471400453
9881,Aalter,Parkstraat,21,51.0909436633,3.48708465252
9881,Aalter,Museumstraat,85,51.0952685466,3.49612669037
9881,Aalter,Moerstraat,60,51.0964990497,3.49427282106
9881,Aalter,Goedingenstraat,8,51.0937975356,3.49575255728
9881,Aalter,Leistraat,13,51.0984148764,3.49800522315
9881,Aalter,De Conincksgoed,14,51.0954574891,3.49358763015
9881,Aalter,Ter Goedingen,63,51.0925473243,3.4967304492
9881,Aalter,Lotenhullestraat,62A,51.0852380336,3.48908142509
9881,Aalter,Leistraat,31,51.1042809465,3.49982721264
9881,Aalter,Stekelbeekstraat,12,51.101640585,3.50879954912
9881,Aalter,Moerstraat,42,51.0953094193,3.49204775393
9881,Aalter,Spildoorn,5,51.0932290119,3.50887233693
9881,Aalter,Ommegangstraat,28,51.0882954352,3.48592741853
9881,Aalter,Bellemdorpweg,38,51.0894500771,3.49054570037
9881,Aalter,Vaart-Noord,11,51.0971125962,3.49933645961
9881,Aalter,Stekelbeekstraat,30,51.0978913816,3.50173573246
9881,Aalter,Mariahovelaan,2,51.0865330491,3.4939770377
9881,Aalter,Ter Goedingen,17,51.0938453138,3.49863086493
9881,Aalter,Ter Goedingen,35,51.0927685774,3.49899905485
9881,Aalter,Lotenhullestraat,48,51.0861975763,3.48940794056
9881,Aalter,Museumstraat,50,51.0927753709,3.49307464243
9881,Aalter,Markettestraat,20,51.0702534957,3.49369195094
9881,Aalter,Lakemeers,23,51.0950048767,3.49762185038
9881,Aalter,Bellemstation,1,51.0832115274,3.48832098743
9881,Aalter,Switten,5,51.0990320768,3.48684185806
9881,Aalter,Lotenhullestraat,21,51.0750244661,3.48420335167
9881,Aalter,Goedingenstraat,38,51.0921595646,3.49421002617
9881,Aalter,Moerstraat,3,51.0924927463,3.48667846292
9881,Aalter,Museumstraat,39,51.0929140114,3.49239969101
9881,Aalter,Kerselaarstraat,2A,51.1067958797,3.48377964555
9881,Aalter,De Conincksgoed,57,51.093295161,3.49034405955
9881,Aalter,Vaart-Noord,1,51.0983396642,3.49613494215
9881,Aalter,Bellemdorpweg,47,51.0920271123,3.48592382189
9881,Aalter,Zuttershoek,12,51.1035015182,3.51415168237
9881,Aalter,Vaart-Zuid,21,51.0970057048,3.49562188813
9881,Aalter,Nieuwstraat,22,51.0905791966,3.49200219458
9881,Aalter,Bellemdorpweg,82,51.0924689343,3.4856582512
9881,Aalter,A.L. Huxleystraat,7,51.0892232709,3.48880796087
9881,Aalter,Bellemdorpweg,64,51.0910998411,3.4891122648
9881,Aalter,Schoolstraat,18,51.0890428754,3.48629543106
9881,Aalter,Eksterstraat,20,51.1039102896,3.50470961003
9881,Aalter,Markettestraat,9,51.0706459141,3.49536913094
9881,Aalter,Museumstraat,101,51.0959148461,3.49692394361
9881,Aalter,Bellemdorpweg,46,51.0897606595,3.49009851548
9881,Aalter,Markettestraat,24A,51.0694326378,3.49257456282
9881,Aalter,Kerselaarstraat,2,51.106577232,3.48399211676
9881,Aalter,Stekelbeekstraat,19,51.0971766409,3.50158993796
9881,Aalter,Bellemdorpweg,11,51.0892456737,3.48985981757
9881,Aalter,Ommegangstraat,21,51.0869922409,3.4867458833
9881,Aalter,Nieuwstraat,50,51.0915718588,3.49386157331
9881,Aalter,Leistraat,17A,51.0990249645,3.49809951834
9881,Aalter,Lotenhullestraat,100,51.0788937721,3.48629768441
9881,Aalter,Lakemeers,4,51.0937417349,3.50034868586
9881,Aalter,Bellemdorpweg,1,51.0882770156,3.49042126604
9881,Aalter,De Conincksgoed,50,51.0929529513,3.48906743643
9881,Aalter,Schoolstraat,7,51.0890427084,3.48737953887
9881,Aalter,Pauwelsbos,2,51.1043617916,3.50993950247
9881,Aalter,Lotenhullestraat,74,51.0812374159,3.48722267801
9881,Aalter,Lotenhullestraat,92,51.0796958707,3.48660565931
9881,Aalter,Weitingstraat,12,51.0737553936,3.49761945239
9881,Aalter,Museumstraat,57,51.0937456306,3.49374512759
9881,Aalter,Gottebeekstraat,1A,51.1150372435,3.50437823042
9881,Aalter,Goedingenstraat,21,51.0924246205,3.49557589494
9881,Aalter,Museumstraat,75,51.0947763898,3.49518097009
9881,Aalter,Lotenhullestraat,38,51.0865950901,3.48952850178
9881,Aalter,Parkstraat,11,51.0907639336,3.48559007778
9881,Aalter,Museumstraat,22,51.0915502038,3.49086129798
9881,Aalter,Ommegangstraat,1A,51.085547156,3.48876460927
9881,Aalter,Moerstraat,50,51.0958273815,3.49308776201
9881,Aalter,Stuivenberg,10,51.0909256113,3.48373676503
9881,Aalter,Lotenhullestraat,2,51.0882127587,3.49039949145
9881,Aalter,Leistraat,23,51.0995187508,3.49839171903
9881,Aalter,Lotenhullestraat,56,51.0859097973,3.48901855756
9881,Aalter,Museumstraat,93,51.0955493162,3.49661711306
9881,Aalter,Nieuwstraat,39,51.0918225826,3.49312344852
9881,Aalter,Bellemdorpweg,28,51.0889800421,3.49075421301
9881,Aalter,Stekelbeekstraat,20,51.1001209748,3.50635437284
9881,Aalter,Moerstraat,39,51.0961511896,3.49262872191
9881,Aalter,Vaart-Zuid,1A,51.0958652827,3.49907597226
9881,Aalter,Bellemdorpweg,70A,51.0918073458,3.48818894876
9881,Aalter,A.L. Huxleystraat,26,51.0875277317,3.48810418773
9881,Aalter,Markettestraat,8A,51.0711540511,3.49521810819
9881,Aalter,Gottebeekstraat,2,51.1148779004,3.50391701746
9881,Aalter,Zwagershullestraat,22,51.1063076854,3.49748462269
9881,Aalter,Markettestraat,10,51.0714445016,3.49434459075
9881,Aalter,Leistraat,24,51.0987931814,3.4986309338
9881,Aalter,Moerstraat,43,51.0963598228,3.49302683158
9881,Aalter,Nieuwstraat,8,51.0900837033,3.49108393828
9881,Aalter,De Craenestraat,6,51.0889392254,3.49218022609
9881,Aalter,De Conincksgoed,56,51.0925386053,3.48850993632
9881,Aalter,Vijverstraat,19,51.0906804501,3.48743333986
9881,Aalter,Ommegangstraat,9,51.086051033,3.48751438206
9881,Aalter,A.L. Huxleystraat,12,51.0882398657,3.48818699125
9881,Aalter,Bellemdorpweg,81,51.093162523,3.48247592656
9881,Aalter,Museumstraat,25,51.0923028871,3.49133223847
9881,Aalter,Schoolstraat,4,51.0900623084,3.48847743687
9881,Aalter,Bellemdorpweg,63,51.0925004614,3.4842385799
9881,Aalter,Ommegangstraat,44,51.090306176,3.48392034286
9881,Aalter,Goedingenstraat,17,51.0926675141,3.49615906473
9881,Aalter,Stuivenberg,19,51.0907030549,3.48412338638
9881,Aalter,Bellemdorpweg,48,51.0898438899,3.49006069636
9881,Aalter,Museumstraat,1,51.0912208209,3.48938720308
9881,Aalter,Gottebeekstraat,9,51.1128293874,3.49467513801
9881,Aalter,Vossestaart,8,51.0925363091,3.49059055874
9881,Aalter,Eksterstraat,10,51.1047176019,3.50232729505
9881,Aalter,Weitingstraat,2,51.0784370029,3.50409168936
9881,Aalter,Bellemdorpweg,45,51.0917434477,3.48686716748
9881,Aalter,Ter Goedingen,38,51.0927388452,3.49817322614
9881,Aalter,Museumstraat,78,51.0945900918,3.49586839214
9881,Aalter,Museumstraat,96,51.0958375593,3.49788872653
9881,Aalter,Bellemdorpweg,27,51.090679521,3.48886265527
9881,Aalter,De Conincksgoed,38,51.0938704593,3.49043718457
9881,Aalter,Lakemeers,28,51.0950462895,3.49812958101
9881,Aalter,Bellemdorpweg,2,51.0884005961,3.49179564689
9881,Aalter,Eksterstraat,2,51.1049962651,3.50072348359
9881,Aalter,Nieuwstraat,25,51.0911824076,3.49227095981
9881,Aalter,Parkstraat,10,51.0903401094,3.48552185165
9881,Aalter,Orgelveld,1,51.0815592734,3.48343391646
9881,Aalter,Zwagershullestraat,9,51.1061171937,3.49420183131
9881,Aalter,Vijverstraat,20,51.0895249181,3.48710481635
9881,Aalter,Lotenhullestraat,1,51.0853988128,3.48976321237
9881,Aalter,Stuivenberg,20,51.0907079433,3.48245090032
9881,Aalter,Stekelbeekstraat,48,51.0974946876,3.50321869936
9881,Aalter,Zuttershoek,6A,51.104374673,3.51278940777
9881,Aalter,Moerstraat,8,51.0927827389,3.48806153209
9881,Aalter,Stekelbeekstraat,10,51.1019026174,3.50920564784
9881,Aalter,Hulsdonkstraat,1,51.1017987457,3.51179554429
9881,Aalter,Markettestraat,2,51.0710359597,3.50161783649
9881,Aalter,Schoolstraat,11,51.0888943174,3.48697381522
9881,Aalter,Ter Goedingen,21,51.0936466415,3.49910564432
9881,Aalter,Museumstraat,43,51.0930820272,3.49271488011
9881,Aalter,Langestraat,1,51.0826199341,3.49883969664
9881,Aalter,Museumstraat,61,51.0940511226,3.49397967055
9881,Aalter,Vijverstraat,5,51.0897917688,3.48543999
9881,Aalter,Leistraat,16,51.0985833591,3.49854432093
9881,Aalter,Zwagershullestraat,24,51.1060050484,3.49751381972
9881,Aalter,De Conincksgoed,11,51.0956756431,3.49490721439
9881,Aalter,Stekelbeekstraat,17,51.1010237979,3.5088084589
9881,Aalter,Stekelbeekstraat,2,51.1043005267,3.50957481113
9881,Aalter,Zwagershullestraat,24A,51.1059940727,3.49736652126
9881,Aalter,Zuttershoek,8,51.1040602263,3.51228156509
9881,Aalter,Lotenhullestraat,10,51.0878964401,3.49024527899
9881,Aalter,Leistraat,34,51.0993310909,3.49889690519
9881,Aalter,Stekelbeekstraat,6A,51.1024609787,3.51037089467
9881,Aalter,Bellemstation,3,51.0835814123,3.4865117286
9881,Aalter,Bellemdorpweg,71,51.0928374493,3.48339597506
9881,Aalter,Museumstraat,15,51.0920549676,3.49087423972
9881,Aalter,Vaart-Zuid,10,51.0964987312,3.49740159497
9881,Aalter,Moerstraat,1,51.0923777054,3.4865614357
9881,Aalter,Goedingenstraat,27,51.09199792,3.49483899761
9881,Aalter,Vaart-Noord,3,51.0974621044,3.49856803003
9881,Aalter,Parkstraat,17,51.0912223713,3.48669241715
9881,Aalter,Bellemdorpweg,53,51.0923509893,3.48481739917
9881,Aalter,Ter Goedingen,28,51.0934834397,3.49859976462
9881,Aalter,Vaart-Noord,18,51.0961631365,3.50338494909
9881,Aalter,Parkstraat,2,51.0898103263,3.48449711664
9881,Aalter,Stuivenberg,5,51.0914531012,3.48619559211
9881,Aalter,Zuttershoek,10,51.1039280732,3.51347037774
9881,Aalter,Lotenhullestraat,8,51.087987159,3.49028354206
9881,Aalter,Bellemdorpweg,35,51.0910985885,3.48832961482
9881,Aalter,Leistraat,9,51.0981609403,3.49793413982
9881,Aalter,A.L. Huxleystraat,19,51.0887009835,3.48933849043
9881,Aalter,Weitingstraat,10,51.0745526029,3.49857223035
9881,Aalter,A.L. Huxleystraat,37,51.0870000429,3.48821160425
9881,Aalter,Vijverstraat,12,51.0896341922,3.48624602573
9881,Aalter,Museumstraat,68,51.0939678251,3.49490641724
9881,Aalter,Bellemdorpweg,17,51.0896341949,3.48958188374
9881,Aalter,Vijverstraat,30,51.0903156117,3.48759565827
9881,Aalter,Museumstraat,86,51.0952020308,3.49689368391
9881,Aalter,Goedingenstraat,10,51.0935594811,3.49571417275
9881,Aalter,Nieuwstraat,33,51.0915642086,3.49292729575
9881,Aalter,A.L. Huxleystraat,5,51.0892851603,3.48871715644
9881,Aalter,De Craenestraat,12,51.0892580063,3.49187978266
9881,Aalter,De Conincksgoed,5,51.0959081893,3.49564665114
9881,Aalter,Museumstraat,8,51.0910611914,3.49013847396
9881,Aalter,Vossestaart,1,51.0918253469,3.48933701533
9881,Aalter,Museumstraat,47,51.0934438665,3.49318918198
9881,Aalter,Lakemeers,2,51.0936121239,3.50015551977
9881,Aalter,Ommegangstraat,18,51.0874060971,3.48701998356
9881,Aalter,Stuivenberg,12,51.0908359524,3.48358843593
9881,Aalter,Nieuwstraat,10,51.0901308772,3.49137125059
9881,Aalter,Vossestaart,14,51.0929979625,3.49054834837
9881,Aalter,Moerstraat,45,51.0964758907,3.49318626559
9881,Aalter,Moerstraat,6,51.0926116364,3.48785234021
9881,Aalter,Weitingstraat,4,51.0783037376,3.50395115956
9881,Aalter,Schoolstraat,2,51.0901708094,3.48857360281
9881,Aalter,Bellemdorpweg,78,51.0921712387,3.48643200078
9881,Aalter,Ommegangstraat,59,51.0895281927,3.4839276306
9881,Aalter,Gottebeekstraat,7,51.1136921414,3.50115192363
9881,Aalter,Moerstraat,10,51.0929636297,3.48826939931
9881,Aalter,De Conincksgoed,54,51.0926630624,3.48874470332
9881,Aalter,Bellemdorpweg,43,51.0916054881,3.48715968678
9881,Aalter,Goedingenstraat,33,51.0917182388,3.49418115983
9881,Aalter,Museumstraat,27,51.092402373,3.49146155974
9881,Aalter,Museumstraat,98,51.0960412246,3.49805453522
9881,Aalter,Nieuwstraat,27,51.0913393872,3.4924557307
9881,Aalter,Markettestraat,4,51.0713387365,3.49978714548
9881,Aalter,Moerstraat,47,51.0965759294,3.49340253408
9881,Aalter,Zwagershullestraat,7,51.1060418743,3.49478596944
9881,Aalter,De Conincksgoed,65A,51.0925153572,3.48917758628
9881,Aalter,Ommegangstraat,24,51.08796058,3.48637236309
9881,Aalter,Bellemdorpweg,25,51.0905335226,3.48889751781
9881,Aalter,Oude Gentweg,39,51.079383328,3.48534728358
9881,Aalter,Leistraat,44,51.1038085677,3.50096540822
9881,Aalter,Schoolstraat,13,51.088791192,3.48677920747
9881,Aalter,Ter Goedingen,48,51.0927635066,3.4971787965
9881,Aalter,Ter Goedingen,23,51.093574473,3.49936408339
9881,Aalter,Museumstraat,45,51.093314344,3.49297319474
9881,Aalter,Lotenhullestraat,86,51.0801975902,3.48688433949
9881,Aalter,A.L. Huxleystraat,14,51.0885179465,3.48775839893
9881,Aalter,Lotenhullestraat,33,51.0694171743,3.48210960612
9881,Aalter,Museumstraat,63,51.0941870439,3.4942102481
9881,Aalter,De Conincksgoed,36,51.0939965212,3.49068278251
9881,Aalter,Museumstraat,81,51.0950895481,3.49569875814
9881,Aalter,Eksterstraat,4,51.1048098863,3.50112303322
9881,Aalter,Lotenhullestraat,68,51.0843259728,3.48856463437
9881,Aalter,Vaart-Noord,16,51.0966619959,3.50085611322
9881,Aalter,Parkstraat,4,51.0900043862,3.48484202623
9881,Aalter,Stuivenberg,14,51.0907579763,3.4834995536
9881,Aalter,Eksterstraat,18A,51.1043507638,3.50434051269
9881,Aalter,Bellemdorpweg,18A,51.0886631638,3.490899185
9881,Aalter,Leistraat,36,51.0993526553,3.4987735789
9881,Aalter,Bellemdorpweg,86,51.0925918618,3.48525551718
9881,Aalter,Bellemdorpweg,68,51.0915673782,3.48883439811
9881,Aalter,Vijverstraat,3,51.0896657384,3.48522411764
9881,Aalter,Zwagershullestraat,26,51.1062088308,3.49614993588
9881,Aalter,De Conincksgoed,7,51.0957155758,3.49538342791
9881,Aalter,Museumstraat,6,51.0909697432,3.48980916516
9881,Aalter,Ommegangstraat,69,51.0903030357,3.48315429959
9881,Aalter,Stekelbeekstraat,15,51.10082506,3.50900828427
9881,Aalter,Ter Goedingen,41,51.0923660182,3.49843653986
9881,Aalter,Stuivenberg,3,51.0917375169,3.48602592553
9881,Aalter,Museumstraat,17,51.0921825959,3.49108882344
9881,Aalter,Museumstraat,35,51.0929089617,3.49186518331
9881,Aalter,Goedingenstraat,25,51.0921867874,3.49511811273
9881,Aalter,Leistraat,18,51.0986311912,3.49856984342
9881,Aalter,De Conincksgoed,44,51.0933675611,3.48962451316
9881,Aalter,Stekelbeekstraat,4,51.1042175248,3.50965715185
9881,Aalter,Parkstraat,15,51.0910253304,3.48629672989
9881,Aalter,Spenningstraat,3,51.0976724724,3.52177472135
9881,Aalter,Vijverstraat,14,51.0897576595,3.48638386942
9881,Aalter,Vijverstraat,32,51.0904482997,3.48784895616
9881,Aalter,Museumstraat,88,51.0953409805,3.49710908671
9881,Aalter,Nieuwstraat,35,51.091597542,3.49299761709
9881,Aalter,Lakemeers,18,51.0945231392,3.4992924956
9881,Aalter,A.L. Huxleystraat,3,51.0893402234,3.48863918402
9881,Aalter,Lotenhullestraat,6,51.0880547242,3.49035121533
9881,Aalter,Leistraat,7,51.0980724909,3.49783756263
9881,Aalter,Ommegangstraat,34,51.0889239147,3.48528237239
9881,Aalter,A.L. Huxleystraat,39,51.0868551757,3.48804876022
9881,Aalter,Bellemdorpweg,61,51.0925189498,3.48380298587
9881,Aalter,Bellemdorpweg,15,51.0893968574,3.48967626899
9881,Aalter,Markettestraat,15,51.0682479731,3.49163980732
9881,Aalter,Ter Goedingen,31,51.0930445488,3.49937664129
9881,Aalter,Zuttershoek,6,51.1044928705,3.5121557033
9881,Aalter,De Craenestraat,10,51.0889767589,3.4925739107
9881,Aalter,Museumstraat,53,51.0936413336,3.49346371293
9881,Aalter,Lotenhullestraat,96,51.0793302601,3.48648439658
9881,Aalter,Museumstraat,71,51.0946101324,3.49501733494
9881,Aalter,Lotenhullestraat,78,51.0809359873,3.48701670952
9881,Aalter,A.L. Huxleystraat,2A,51.0889216674,3.48848162149
9881,Aalter,De Craenestraat,18,51.089502981,3.49305551382
9881,Aalter,Moerstraat,51,51.0969099527,3.4938478448
9881,Aalter,Leistraat,26,51.0988216432,3.49930927031
9881,Aalter,Gottebeekstraat,8A,51.1132938475,3.49944455579
9881,Aalter,Vaart-Zuid,15,51.096963802,3.49560810823
9881,Aalter,Moerstraat,64,51.097047421,3.49474825359
9881,Aalter,De Conincksgoed,1,51.0961355633,3.49514074716
9881,Aalter,Moerstraat,56,51.0962582356,3.49370456413
9881,Aalter,Wallebilk,2,51.0949637141,3.4941473372
9881,Aalter,Bellemdorpweg,56A,51.0903220023,3.48969371908
9881,Aalter,Vijverstraat,15,51.0903537362,3.48668252552
9881,Aalter,Nieuwstraat,32,51.090949076,3.49262662547
9881,Aalter,Lakemeers,16,51.0944057522,3.49952636874
9881,Aalter,Stuivenberg,8B,51.0911487734,3.48393438691
9881,Aalter,Stuivenberg,8A,51.0912418377,3.48414132189
9881,Aalter,Markettestraat,20A,51.0701689422,3.49340631346
9881,Aalter,Lakemeers,22,51.0947278611,3.4988334416
9881,Aalter,De Conincksgoed,22,51.094957823,3.4925050261
9881,Aalter,Museumstraat,89,51.0954270657,3.49639897252
9881,Aalter,Vijverstraat,13,51.0902324797,3.48644357564
9881,Aalter,Vaart-Noord,5,51.0975268914,3.49836938126
9881,Aalter,Vijverstraat,18,51.0898943452,3.48684691607
9881,Aalter,A.L. Huxleystraat,27,51.0881656767,3.48890649476
9881,Aalter,Lakemeers,9,51.0943035365,3.49879365011
9881,Aalter,Bellemdorpweg,56B,51.0904387525,3.48969066945
9881,Aalter,Mariahovelaan,10,51.0856589228,3.49880476136
9881,Aalter,Leistraat,40A,51.0999221905,3.49911049609
9881,Aalter,Lakemeers,26,51.0949521018,3.49836402748
9881,Aalter,Lotenhullestraat,16,51.0877613826,3.48986628294
9881,Aalter,Lotenhullestraat,10A,51.0876493319,3.49012616657
9881,Aalter,Lotenhullestraat,12,51.0876866137,3.49003839823
9881,Aalter,Parkstraat,20,51.0904833336,3.48689491187
9881,Aalter,Lotenhullestraat,18,51.0877988589,3.48978050882
9881,Aalter,Lotenhullestraat,14,51.0877241801,3.48995262271
9881,Aalter,Lotenhullestraat,22,51.0878693817,3.48960561775
9881,Aalter,Lotenhullestraat,26,51.0879648185,3.48938429705
9881,Aalter,Lotenhullestraat,24,51.0879068578,3.48951984323
9881,Aalter,Lotenhullestraat,20,51.0878347987,3.48969362155
9881,Aalter,Lotenhullestraat,62B,51.0851285976,3.4886911248
9881,Aalter,Lotenhullestraat,50,51.0861603037,3.48894219792
9881,Aalter,Lotenhullestraat,28,51.0880018185,3.48929496273
9881,Aalter,Museumstraat,2A,51.0907274882,3.48946070863
9881,Aalter,De Craenestraat,3,51.0892034371,3.49173421157
9881,Aalter,Stekelbeekstraat,29,51.0965524249,3.50119977477
9881,Aalter,Ter Goedingen,6,51.0938408648,3.49758927428
9881,Aalter,De Craenestraat,1,51.0890709979,3.49141652949
9881,Aalter,Museumstraat,89A,51.0956563934,3.4961081792
9881,Aalter,Ter Goedingen,10,51.0934996617,3.49758192236
9881,Aalter,Ter Goedingen,8,51.0937668915,3.49788286776
9881,Aalter,Ter Goedingen,12,51.0936071189,3.49724559435
9881,Aalter,Vaart-Noord,6,51.0973822167,3.49855966504
9881,Aalter,Bellemdorpweg,12,51.0885825819,3.49107555036
9881,Aalter,De Craenestraat,8,51.0890929176,3.49235805516
9881,Aalter,Vaart-Zuid,6,51.0958191395,3.4990478497
9881,Aalter,De Craenestraat,23,51.0896485873,3.49170902551
9881,Aalter,Moerstraat,12,51.0931369965,3.48848097847
9881,Aalter,Moerstraat,22,51.0940609949,3.48973154144
9881,Aalter,Schoolstraat,5A,51.0891608122,3.48756972748
9881,Aalter,Vaart-Zuid,3,51.0955147018,3.50032191957
9881,Aalter,De Craenestraat,13,51.0895114483,3.4912549686
9881,Aalter,Lotenhullestraat,98,51.0791041259,3.48644185047
9881,Aalter,Bellemdorpweg,47C,51.0921754755,3.48548435408
9881,Aalter,Ter Goedingen,1,51.0942475085,3.49661054181
9881,Aalter,De Craenestraat,17,51.0896837475,3.49102149633
9881,Aalter,De Craenestraat,21,51.089752377,3.49154663908
9881,Aalter,Bellemdorpweg,47A,51.0919976231,3.48573109705
9881,Aalter,De Craenestraat,25,51.0895465021,3.49187095106
9881,Aalter,Lakemeers,17,51.0947249486,3.49778052496
9881,Aalter,Lotenhullestraat,64,51.0847029854,3.48875664666
9881,Aalter,Bellemdorpweg,2A,51.0883444799,3.49136948657
9881,Aalter,Vaart-Zuid,4,51.0955181549,3.50002163388
9881,Aalter,Vaart-Noord,15B,51.0966778428,3.50065181202
9881,Aalter,Goedingenstraat,40,51.0920680745,3.49398262498
9881,Aalter,Vaart-Noord,15A,51.0967034634,3.50050529081
9881,Aalter,De Craenestraat,29,51.0894610322,3.49213976267
9881,Aalter,De Craenestraat,19,51.0898444216,3.49138846889
